-2.884685034157791872e+00 5.514795717002801689e-01
3.299074949567143644e+00 7.046580104669426525e-01
2.047595719131244607e+00 -4.444740987825747114e-01
1.111572346898581420e+00 3.133045759357945825e-01
-7.885673964973608507e-01 7.413997357526145304e-01
-8.992126976511600756e-01 1.579757732446698815e-01
1.231354362703589000e+00 4.913873226266997074e-01
1.204589544411871715e+00 -3.146620314210348823e-01
-5.168804092342502154e-02 4.123923498413925581e-01
-1.161344329949644205e+00 -1.042864668909786741e-01
8.593816581979651925e-01 -5.056387253402609971e-01
-3.467682132349738100e-01 -1.014781858606348175e+00
1.089128209680312320e+00 3.779606926830774150e-01
1.850515135012533952e+00 1.017462246433947226e-01
-1.947731820645047351e+00 4.723387249771849317e-01
-2.243333976540256902e+00 1.270788797237586643e+00
-1.034188349258336054e-01 2.720365910756082362e-01
5.816749121184171256e-02 1.322903926421718390e+00
-6.633606121592788840e-01 -1.702752314819780677e-01
6.541748748786625767e-02 1.250611023331695271e-01
2.925752121486962842e+00 3.412521162783663797e-01
-1.047642839827499062e+00 2.373468422414008738e-01
-2.241391757874152013e+00 3.356476015584635569e-02
-1.069684488178263448e+00 -1.005202262608630992e+00
1.365196648598077322e+00 5.376306926611464920e-01
7.880417980430456382e-01 2.450205285337738181e-01
-6.577100852809691922e-01 1.195366015574148982e-01
-1.431262163951863897e+00 6.191965439548644534e-01
-3.227569444888703232e-01 5.997380648048464824e-01
2.764598934991153723e-01 3.785880166714751249e-01
-2.703605284989178514e+00 4.057431128706991963e-01
1.213078676483583918e+00 5.665159030066975188e-01
1.029000791674668791e-01 -9.380541645469882006e-01
1.704013366260866524e+00 -2.233792462600893980e-01
-9.095098990484849766e-02 7.910051035949041687e-01
2.372384529471460168e-01 -2.917335445860909648e-01
1.570181541733521591e-02 1.000877957786768579e+00
3.476693624889101719e-01 -9.093348397479741330e-01
1.323822051430607161e+00 -4.119025510842374595e-03
-2.037237829435994296e+00 -2.245004033885580896e-01
2.099827854623812051e+00 -2.502269847698028182e-01
-3.324183990655342757e-01 8.316749288521926853e-02
-2.971455608086887579e-01 4.780197032299192683e-01
-1.061944469156343107e+00 8.549307387941533498e-02
-7.759996383275880039e-01 4.609118555802888539e-01
-1.101918596750431689e+00 -3.640240008718281794e-01
3.196176758478370683e-01 -4.014422978009014598e-01
-1.917210126854139052e+00 -6.588977119962056983e-02
-2.984379561991932661e+00 6.021294722827202905e-01
-1.679821063374403733e+00 -3.565718350572247286e-01
4.646423940221627857e-02 -3.422996708573894931e-01
1.169880275962150301e-01 7.176635702547662365e-01
3.605299266252095514e+00 -1.086694869588605561e-01
1.989694623739948653e+00 -5.739611841193337227e-02
1.265309504552551090e+00 1.201540064827681720e+00
4.886955433768137569e-01 1.739229386824505119e-01
-2.001539307137782497e+00 -1.810734731322057589e-01
-5.855669316808799207e-01 3.462391171189976857e-01
6.805565643520036789e-02 2.302550518295181925e-01
1.707581534826402070e+00 3.162882033237944812e-01
1.411259253008525727e+00 -1.017455948215043149e+00
-1.005804762294325583e+00 8.133441196949769969e-02
1.187633588113806260e+00 8.177960055745350787e-03
9.024767912947588844e-01 -3.209461943786864196e-02
3.862922325753053165e-01 -4.139383894414004339e-01
-4.439543071880311942e-01 -8.344302187572564256e-01
-4.969728330019012597e-01 -1.189521987629653110e-01
-5.711969860517064346e-01 -5.523038286250455675e-01
5.320583502695327427e-01 -5.742263805995461573e-02
1.297845086410187365e+00 -1.763654107560392870e-01
-8.302901358119302300e-01 4.911519576830846168e-01
-1.336862305171648835e+00 -3.327225433846304758e-01
-1.498538660469272310e+00 3.076271241500069809e-01
2.466778673382744591e-01 8.614604713299348071e-03
1.545735571910520356e+00 4.031802248750771533e-01
-1.672593430900310985e+00 -1.271495456955755943e+00
-7.521807496657001435e-02 1.673013390218419383e-01
3.200592325181472741e-01 -6.498710293548746186e-01
-2.148461798639500486e+00 6.220986154501207954e-01
-2.715542802415015888e+00 8.926781571805380011e-01
3.047133642199068571e-01 5.213455301874174719e-01
-3.349352712685111366e-01 5.134629286406084958e-01
2.598903372643157628e-01 8.788078092068925262e-02
2.235848295344968317e+00 5.297783574251525157e-02
-4.055688538994263737e-01 7.748867654284027906e-02
3.170811747321491403e+00 5.396342182327652504e-01
-5.820956963452232902e-01 8.289150944620241601e-01
-1.340718942599880670e+00 1.385705413362332272e-01
2.722830464558682606e-01 4.045022670178308744e-01
4.763641899797438350e-01 1.141883946410466588e-01
-1.103670114527298463e+00 5.148355717960276801e-01
6.756876714623345492e-01 6.621300559960923149e-01
2.104028253267371529e-01 -4.078794543617802471e-01
-4.780068357486739750e-01 -6.025068317892365855e-01
6.426182666559371315e-01 7.116139982291076471e-01
1.106439016582346557e+00 -1.979931948836189948e-01
2.118278666536863142e+00 -5.276700504749421983e-01
1.023859906556765509e+00 8.382952433667469894e-01
5.376827564129902370e-01 1.117327372725801793e-01
-1.695145258627067442e+00 4.280468589531250534e-01
3.854184913788970268e-02 -6.431706142610147392e-01
1.638157590835664229e-02 -9.050828811529209039e-01
-1.730247461660683606e-01 -6.551864629363537418e-01
2.446692603775993055e-02 -7.123317330158569494e-01
1.848386415831239638e-01 -2.467471579767762435e+00
-4.478225569906000604e-03 2.241401700090591920e+00
-9.488547844975370182e-02 1.514052839644859372e-01
-3.606491306133541297e-01 3.204056301927460382e+00
-8.028183485974144107e-02 -2.860410949926415647e+00
-1.925981602558246852e-01 -1.304819009184055023e+00
3.068304828689378261e-01 -2.518368259724098834e+00
-2.164294082950401696e-02 -9.594258534366781888e-01
1.598506865271889232e-01 -1.710564265893432800e+00
-1.259244238264332037e-02 1.221364805434991707e+00
-1.129651511316221964e-03 1.896583104360434202e+00
-6.907214681461631978e-02 -7.047211212889398224e-01
2.899823015522213221e-01 -5.744141823975259520e-01
6.425690951640701531e-02 1.201264209282422835e+00
-5.944649670432039512e-02 -1.960210659413814005e+00
-8.231384074992646738e-02 -3.176665707081617329e-01
-2.746993108159399566e-01 1.116541748428316216e+00
1.237451382489074825e-01 -3.078619044433174246e+00
-6.214580340621441573e-02 -2.075529386857562830e+00
-9.022841544093792784e-03 6.233290999616651895e-01
-1.169799336696196734e-01 -5.178523118226837640e-01
-2.567673408317397987e-01 1.155907458118940134e+00
-4.871804221421242032e-01 9.488704659859649171e-01
2.848369551780884357e-01 -5.859918264185415282e-01
-1.782212559091772286e-01 -1.348126672121372938e+00
-3.527598417111997842e-01 -1.101467707949032038e+00
-2.971667846688725856e-01 -2.102380990235310498e-01
2.564947614790651434e-02 -1.457535398695058715e-01
2.279096059257516294e-01 -1.776084837920392623e+00
4.463128128090000646e-03 -8.372122908539216812e-01
-8.373371232130891184e-02 5.051491474803659898e-01
1.264377699322958293e-01 -2.676528421613737940e+00
-3.676343480790100204e-01 1.963107316244899980e+00
1.625526779010936784e-01 -5.921962736141631600e-01
-3.449777167330694283e-01 -4.424819510484465090e-02
-1.681640700740792416e-01 1.566769518210112677e+00
2.437896277005300316e-01 -1.435732547600691911e+00
7.946657252245752090e-02 -1.237122306929850701e+00
8.362934731706133870e-03 1.045049777470432817e+00
-6.591718895496806452e-02 -8.688637620611751045e-01
4.687173254708061343e-01 -7.373674365758691174e-01
3.441454357555820409e-02 -4.683795631108484958e-01
-2.297536288933109683e-01 1.079251957642607618e+00
-1.605554980740318827e-01 -1.802384343104726172e+00
5.829869226479816868e-01 -2.443989411867782735e+00
2.613700394394785631e-01 -9.417915488687811365e-01
-6.557159899602765796e-02 5.826213347417320554e-01
2.209153849636087408e-01 -1.616737506845757233e+00
-4.292162075043198244e-01 1.714734104750781585e+00
-2.080522440902149162e-01 2.385477176243036013e+00
3.113421082955559749e-01 3.406361440408937624e-01
5.937122541149784938e-02 -1.540409377577331762e+00
-1.804958693461902741e-01 -2.459607247871326008e-02
6.465757174748917868e-02 4.819365407641559851e-01
-2.215360141360949442e-01 9.701833738386469452e-01
1.021112763841087318e-01 -8.740120585300612532e-01
6.883470986223599875e-02 -3.723308140642638681e-02
-3.398779477397175230e-01 1.840479235597283214e+00
-1.680723158567638820e-01 -2.680819391770977056e+00
3.642638769732324810e-01 -3.131679088588849025e-01
-3.118176992017968607e-01 -2.174012692227911714e+00
-2.267224799021621828e-01 5.854767852673502526e-01
4.437397749499326360e-02 -6.970332616865179132e-01
-1.194010454352910089e-01 -2.248647492048631014e-01
-6.006642271126539923e-01 1.862010264309371443e+00
-2.065764103339132879e-02 1.804088232171768835e-01
-4.589146548217329369e-01 1.067928366535126683e+00
2.506425977376490824e-02 4.551709104939061779e-01
-2.072024024211308324e-01 2.641219342055076247e+00
9.113810938465925771e-02 1.961942460262947163e+00
-4.419858680071243606e-01 -9.550948290772638405e-01
1.082134039483212407e-01 -1.197014585439566403e+00
-6.532343814668864490e-02 9.621404806508127017e-01
-2.320841795331093083e-01 -1.257528453297619654e-03
-3.934198653021058201e-01 4.500925245798149676e-01
-2.925881605505574745e-01 6.477889849467330929e-01
-6.658893573068573601e-02 -1.998532949789802726e-01
-2.210314167843195343e-01 1.761209993791958306e+00
9.663313900023634551e-02 -4.774141877114255750e-01
-1.643165844226199268e-01 -4.341596174071809533e-01
-3.145874354843493093e-01 3.353218076172104767e-01
5.059529078083267739e-02 -5.935020456499245922e-01
2.240601490545577335e-01 5.260121801418900234e-02
3.696776576061359676e-01 -1.471417614996942680e+00
3.848760957724955967e-01 -5.458807335377305892e-01
-8.570255646005481287e-02 -1.135048781269763829e+00
-2.825045452428824322e-01 7.241934368265288968e-02
-1.158146727389608444e-01 -1.762663128139466961e-01
3.587411685863506339e-02 2.205411521858628099e+00
3.732435883210369343e-02 7.929257222835597307e-01
2.087204431430438600e-01 -1.064252247311927801e+00
-3.579353352588577342e-01 5.288581100038454164e-01
-1.650487207022824643e-01 -6.414669066105834760e-01
-1.723315068412643869e-02 -1.283646478939785451e+00
-1.882674132484541685e-01 2.387933104312617516e+00
5.480845464026937730e-01 -2.792927567069992012e+00
-5.245753669225199367e-01 -9.113934935832456175e-01
4.954299972842533817e-02 -1.157201613577296950e-01
-6.190432172602714500e-01 -1.451767376995418135e-01
2.217750488457507496e-01 -3.640834072976556479e-01
-5.411004543775838060e-01 1.398720195120538023e-01
-2.085734515798357336e+00 -1.731006594241705221e+00
6.996586063106753350e-01 6.963801642940756764e-01
7.926626127674289979e-01 5.069350713772614592e-01
2.104591529350614554e-01 -9.684462438035347509e-02
3.806779514362972905e-01 2.046508415693017724e-01
-1.398173802383273490e-02 3.553874235734372222e-01
1.133102903190389865e+00 1.035385336448219951e+00
-2.194088891869473645e+00 -3.466832632727542829e-01
-3.508242097997286701e-01 -3.352694485352461506e-01
2.966765826393401584e-01 3.323749465658294433e-01
1.413400567362103066e+00 1.487875191446303091e+00
2.155347898247245986e-01 -4.743176693316330517e-01
-1.466338749773893058e-01 6.777530492793994998e-01
2.892584983839882606e-01 -2.518070217927347865e-01
-1.626359485053175957e+00 -2.489768455803974767e+00
1.975860989850926508e+00 1.732251759819176451e+00
1.083652127014856026e+00 3.023305997491079200e-01
3.012518313025362438e-01 -6.181640140165194364e-01
1.527844159794581547e+00 1.251500511323805798e+00
-1.513190984777105452e+00 -1.404341287073078037e+00
-7.569468712769118479e-01 -4.270171704693917492e-02
-1.268635709525240518e+00 -5.840711689885437208e-01
9.723833124399671179e-01 5.828466957147465655e-01
1.284424730431897865e-01 4.828345173983470962e-01
1.462131558034105439e-01 -3.432571885088190888e-01
1.738912197299276929e+00 9.987941492789134124e-01
-7.616396740508020180e-01 -3.572566072963073713e-01
-4.403311463524612890e-01 3.077581331496710981e-01
2.001705903100768680e+00 1.439902613995414749e+00
-3.010506460063282486e-01 -6.698095295628101464e-01
1.211811830720016303e+00 1.194714747071278449e+00
5.683391505759771700e-01 3.758239610172008915e-01
8.170691494919968267e-01 6.259901936599868710e-01
2.225594573737134763e+00 2.038700546249562429e+00
1.328803066236130259e-01 -3.485457900465398495e-01
-8.749227887252286617e-01 -7.303750931710173422e-01
-8.403335402548678390e-01 -5.853881012748690660e-01
-1.018904457651190976e+00 -1.138581069855793215e+00
-1.436941354572605301e+00 -1.551547067466582774e+00
6.974743954803410695e-01 5.674013661598522607e-01
-1.030494461143587115e+00 1.528422444201387176e-01
-1.673782342991215311e+00 -4.177079966274191425e-01
9.825333530183535391e-01 -6.301695302979211377e-02
2.599877793731517062e-01 2.620135613780715245e-01
-9.426026490537624536e-01 4.309143016976410001e-01
2.930656482696100684e-01 -4.756859239834067971e-02
-3.900796461324943509e-01 1.103104708501019375e-02
5.425491756306580760e-01 1.560612683607890683e-01
1.358686144464091416e+00 5.429102261072110691e-01
5.956097980894708988e-01 8.427617025564000386e-01
-2.215422827196387723e-01 1.139131552126546820e+00
9.844325802655268243e-01 5.769558499820740538e-01
-7.442685412581881987e-01 -6.461654023898695254e-01
6.122745411584779029e-01 -3.236881020478917237e-01
1.446965378968737337e+00 5.442383544843825138e-01
1.312218885739200758e+00 1.872008267283950200e+00
-7.090458888906044921e-01 -4.646456314630821594e-03
6.759097006096358440e-01 -1.497352721811252563e-01
4.025671350114294333e-01 -3.962640975608971994e-01
2.219451750723680228e-01 7.427111335069510600e-01
-4.324023001944102829e-01 3.216177446296323850e-01
-1.411620865055578100e-01 8.457786093740184141e-02
-1.309892725670666891e-01 -4.217854534056543203e-01
1.121878374389372879e-01 -3.807896033914086042e-01
-2.692650484967850311e+00 -1.109691109416084176e+00
-1.085845767276921947e+00 -1.181157336128592972e+00
-1.426508429767634478e+00 -9.838267405709574254e-01
4.237788573365317557e-01 -7.793205711303384520e-02
-9.788655801789983846e-01 -2.048532452562938644e-01
1.429819825339970207e-01 -5.729293560281293329e-01
1.768850956810298136e+00 1.640868718935654114e+00
-1.067143673720562624e+00 -6.469792365923738853e-01
7.086907824735487749e-01 8.069619086477265724e-02
-7.300540151487714402e-01 -1.261679921510098890e+00
1.366164815825654966e+00 2.005789420874610318e+00
-3.488973572176452126e-02 -4.549870993901911770e-02
-5.562661306693800212e-01 -2.961134174214256620e-01
-5.047943127612742886e-01 -4.082545756863776854e-01
2.453105036968950881e+00 1.479716982371783507e+00
2.126028137061136605e-03 1.773904184575862686e-01
3.661474790323975825e-01 1.269776331049748075e+00
6.565280595286178134e-01 2.049547498313175620e+00
-2.246966608919706565e-01 1.624394027084714587e-01
6.160045900567193700e-01 4.816296644660628679e-01
-3.448411520951377707e-01 -8.170504734088110954e-01
-1.215163874549695100e+00 -8.479824431823052011e-01
9.168896905793473273e-01 2.250252353400261918e-01
-4.977971466621157748e-01 -6.385190088041809986e-01
-6.918484216650050422e-01 -7.355506290016818882e-01
4.211557050686507431e-01 1.297454501259335480e+00
-8.329350645540121167e-01 -1.671396578554650058e-03
-3.583079681291707203e-02 7.003436039888639997e-02
4.192057771608919681e-01 1.404909172281701091e+00
-1.892063869329845938e+00 -1.865591152524552987e+00
1.602518827899649667e-01 6.094636990727558823e-02
