7.831273165323071606e-01 3.311374331493355805e-01
-8.034393864714645117e-02 1.202349231474020508e+00
-5.830228785232781652e-01 -1.094918463527496888e+00
-1.438168566084212285e+00 -1.099510169965831619e+00
4.965026559111671012e-01 -4.845601413039231642e-01
-8.539810950692980906e-01 8.183564185334292473e-02
-3.872943192132554443e-03 -1.301533566535465702e+00
-1.384778641404214028e+00 1.395508223002047687e+00
2.672747271651349510e-01 -1.284860728050021272e+00
-1.957368273439064721e+00 -1.154585569364284742e-03
4.213838947864212425e-01 7.635789750057514480e-01
-1.726476414864609010e+00 -1.462326154470155126e+00
1.354492978443073481e+00 -3.196381587659788970e-01
1.989100351595446126e-01 -1.351795816975342790e+00
-4.117907487287491564e-01 -1.577435190625841477e+00
5.179470893750463822e-02 7.764578265920937250e-01
1.391216682519869741e+00 1.225048848623052189e+00
-1.960343465054615653e+00 8.320805108034556863e-01
-2.237439709316521863e-01 -2.009509692089570088e+00
-2.193303004351861846e-02 9.040178943577144022e-01
-6.836303821922724566e-01 7.477272790061201269e-01
-5.925949444997211102e-02 1.520431288225711830e+00
6.170656124607146742e-01 3.259861638869966383e-01
1.707544218367208211e-01 -1.251733539624940494e+00
3.476621980569136738e-01 7.520756098926940636e-01
6.440750921644607940e-01 -1.625727548110448284e+00
-5.147803823375869392e-01 4.388634569744080949e-01
5.276205563936936516e-01 9.210181561256376437e-01
5.140424165316244132e-01 -4.350534142541132715e-02
-7.671851124888534601e-01 -1.961016738049034425e+00
1.826800365485481414e+00 6.307653280730297629e-01
3.558567815664661071e-01 -9.522494822680839244e-01
1.025865743701772637e+00 -8.965674570816559719e-01
-1.458407414813187586e+00 -7.714798318372746433e-01
-4.347316187684101274e-02 2.828046235276553966e-01
1.583510619214418602e+00 2.586594191236604168e-01
-1.224793117887762683e+00 -3.216057784276787901e-01
1.444988572525659709e+00 6.208319882541666335e-01
-1.417237125931250619e+00 -3.544104762089057142e-02
1.065322643171376094e-01 -3.068568891404723775e-01
-1.175143711627312682e+00 -8.055245337066987421e-01
1.240606463188312691e+00 6.406922491774866835e-01
1.106631540451916473e+00 3.359679533478458491e-01
1.476487681081460002e+00 -4.813681855087658112e-01
-1.159035770757212758e+00 -2.046820643747513102e-01
-3.864115768104467441e-01 5.463352893092536799e-01
3.673219044709144510e-01 -5.756417648655788311e-01
-6.080033330367284883e-01 -1.430706152406878706e+00
-2.010632843971063455e+00 -6.362591800892722915e-01
6.648365173664215755e-01 4.588789662690598292e-01
1.028624359081929951e+00 4.917575131680584910e-01
5.512855942023776878e-02 2.980489081135884177e-01
6.078327259421067996e-01 6.634041807511674715e-01
1.405561099156142635e-01 4.491760741400366852e-01
-8.288736298536243385e-01 -1.539116839839498596e-01
-4.689150147619550735e-01 -1.418294345796908829e-01
-8.883760141916452469e-01 -3.757625783136466224e-01
-8.149792886071504094e-01 -4.071932563200470478e-01
1.666644676468339026e-01 -1.127215631680740460e+00
1.208076119755006894e-01 2.192303451914634771e-01
1.212990772218605517e+00 -1.052125317822423023e+00
3.850830204694908332e-01 1.653609887071909812e+00
-5.543686234832529980e-01 -6.644184549504019710e-01
-1.631488825445948310e+00 -1.876350849130509424e+00
7.962457539194717215e-01 -6.287830820066309112e-01
-4.230699913896637798e-01 9.949429673943239738e-01
1.678272271926155024e-01 7.160448148429473525e-01
-9.082690323354868367e-01 -6.737238849307058963e-01
2.330570190776818651e-01 -1.918761888098308832e+00
-9.789048359655517784e-01 -2.639395573401190020e+00
-1.115297029099354686e+00 8.624016376750763824e-01
-1.087280876234507421e+00 -8.404320091592398789e-01
-5.153425381007507022e-01 1.210947868310442876e+00
1.286882892943597811e+00 -9.164616091325827885e-01
-1.167960981362395012e+00 -3.142153879186990184e-01
1.683861780819099652e+00 2.157634203833092290e-01
1.203762980917654435e+00 2.364104177624835934e+00
-4.417892327798630947e-01 8.425789673151053982e-01
5.885841295357083780e-01 6.402214915112304505e-02
6.819238423288550566e-01 2.294421014318900109e+00
1.468660876108261126e+00 -3.045977832734047749e-02
1.201397150587107276e+00 8.044950575668279313e-01
-3.897832665435173038e-01 9.297396208296869746e-01
-2.000255925535797008e+00 -3.171236068792100404e-01
-2.281668494383551904e-01 -3.652962667448894640e-01
-2.369792703832634961e-02 -1.673465466706403504e+00
-8.078664681436773520e-01 -6.514567079181162734e-01
-1.499865492237151932e+00 -8.157725714146476514e-01
-1.407640696933772473e+00 8.970289486823135316e-01
6.978639791360048417e-01 -2.598384479378265666e-01
-4.158768960857405217e-01 -7.952136698895314604e-01
-2.900734091708069284e-01 6.637165326746511385e-01
-1.024504332504579729e+00 -1.010470609422004173e+00
-1.098809969426923328e+00 -1.088462239639364504e-01
-1.105967282644725325e+00 8.695123954781207587e-01
-2.963092464308123009e-01 7.931876998731864914e-01
2.088098605838754618e-01 7.358318672170756081e-01
-1.188585784129907008e+00 1.491330771631730556e+00
-8.852680531703300826e-01 1.434887001318051025e+00
-1.095802014417969428e+00 7.551635838233029530e-01
4.723956114410309048e+00 -3.097032141841571384e+00
2.400843031756599633e+00 -2.310525750627216990e+00
2.625310418275604185e+00 -1.498716665727555242e+00
3.175425637441918525e+00 -3.085534326072108868e+00
3.023481515548407383e+00 -1.865298374864685194e+00
4.022485547563077191e+00 -2.646738644458051404e+00
2.878526899158495134e+00 -3.635691826856400688e+00
5.729465423677392977e+00 -8.020196829195902488e-01
2.211665906255475100e+00 -3.323199119990741579e+00
1.664765997066131931e+00 -3.318616804788903973e+00
3.135771899448683619e+00 -2.587945996584591235e+00
3.376815667347749184e+00 -2.866645697540397997e+00
2.421002946499495323e+00 -4.143585810500879596e+00
3.848899226311016442e+00 -1.739106455487308134e+00
4.578696287061083225e+00 -1.921638152671235389e+00
1.777740060884328788e+00 -4.222127820409778742e+00
2.776310486115989740e+00 -3.595724386132248540e+00
3.428745229353554080e+00 -2.692675525849730356e+00
4.241367893814862455e+00 -7.035742299156759749e-01
2.362102468155359958e+00 -3.246404794997480803e+00
3.762488518494844669e+00 -2.940250791063682811e+00
9.265999998270419979e-01 -3.252435647867608637e+00
2.913945279878516370e+00 -4.485388149020538506e+00
1.944521526821221258e+00 -3.370064116617669026e+00
3.390523398126874532e+00 -2.070144990945720576e+00
3.509041300164173371e+00 -3.361491536589907625e+00
3.887654567172009301e+00 -2.445588218311487871e+00
1.759399016011158334e+00 -4.668144713902065313e+00
2.820520923622204634e+00 -2.483841143925478612e+00
2.657970349546819211e+00 -2.313440994814314866e+00
2.128898421149386433e+00 -3.550703219648246645e+00
1.212774926095703254e+00 -4.084531510523314424e+00
1.449165257981847033e+00 -3.444062496424010078e+00
2.977820256291614509e+00 -3.891511976686772734e+00
3.461907537947769065e+00 -3.703271628843427976e+00
3.113000823290659191e+00 -3.834908339075092432e+00
1.391209494770654143e+00 -3.497836633775200710e+00
3.927466516944022601e-02 -3.800512383369254898e+00
1.824743596905845866e+00 -2.727451180907364492e+00
3.390137858325279474e+00 -2.068492682622482981e+00
4.363102126392604418e+00 -3.499311945529845147e+00
6.123877891045284017e-01 -4.000005505709346210e+00
3.198411420367961444e+00 -2.881607387444109492e+00
2.517193530187189943e+00 -4.981213986076811651e+00
3.588288374268815861e+00 -2.089225809373859821e+00
2.939268631344861049e+00 -2.387381193217688935e+00
4.117692274898983484e+00 -4.587293119763331539e-01
5.679220927258058715e+00 -1.870141535513561326e+00
3.662263948629511656e+00 -3.128006863511191504e+00
3.367611059724308742e+00 -2.986176148743337588e+00
2.887682145672180845e+00 -3.655066580981260582e+00
1.722729464868673066e+00 -4.807364472356918661e+00
2.605362114365814108e+00 -4.845386972291107597e+00
2.077926972831854791e+00 -3.726685730702642640e+00
3.410147901910731694e+00 -1.989468811816415883e+00
2.525171072835143082e+00 -3.879014783652046994e+00
4.559740712063875989e+00 -1.921962520997942070e+00
4.236416405111933514e+00 -1.471144335463014263e+00
2.701340393055287947e+00 -3.254422863671359689e+00
4.963622749318457927e+00 -2.946014099395848795e+00
2.663633789821224784e+00 -3.387348746225876450e+00
2.801888556836968469e+00 -4.281665345529771294e+00
3.573479009323414779e+00 -2.576976153267277247e+00
4.424847194843827936e+00 -1.291926224478855856e+00
2.981193407190906086e+00 -4.310839693975630382e+00
1.751186183189368695e+00 -4.135634060697300107e+00
2.573390116742911182e+00 -3.540519957505841475e+00
3.112410191023293304e+00 -2.275608447968706649e+00
1.659763855190864668e+00 -4.502247628332449736e+00
3.396597051980000614e+00 -2.594945335740749037e+00
3.750495951098211656e+00 -4.665628213044219486e-01
4.938041259372932146e+00 -7.094999915768900323e-01
2.649530567125427005e+00 -2.962462109017429679e+00
2.607019960425190241e+00 -2.157891341870037394e+00
3.284150209026160727e+00 -3.041034581989959573e+00
3.831939228220544003e+00 -2.758875101300976240e+00
2.967653413600410239e+00 -2.401738158858948147e+00
1.906007422174770483e+00 -3.431689183146363398e+00
4.589428444769229287e+00 -2.589888262217007409e+00
2.903368999895721281e+00 -3.655525624377446992e+00
2.197754634468755519e+00 -4.833701123411407785e+00
3.607270511143777725e+00 -1.214794243639380822e+00
2.980098766987289594e+00 -3.332448572808980547e+00
2.663176471629321806e+00 -3.031559366997206961e+00
2.626290935206070376e+00 -2.596808274466897437e+00
3.766946485176024595e+00 -2.103713800006061785e+00
4.550248652643283265e+00 -2.879197257092712903e+00
2.492674186416972137e+00 -3.886160192179664019e+00
2.905755176705449028e+00 -2.067704566319920723e+00
1.485989367620679458e+00 -4.420974549030029621e+00
3.880833450733935930e+00 -2.085952637687524813e+00
3.823161434310542006e+00 -2.921596908333589759e+00
4.201448129435638279e+00 -3.741663813955418583e+00
4.271561152991329990e+00 -2.423385287044157455e+00
1.692639280782996636e+00 -4.164975213037132029e+00
2.886481706890924315e+00 -2.575569541309370880e+00
3.557697765352831443e+00 -3.199190046166999757e+00
3.929044983109027278e+00 -2.091746604749135319e+00
2.327650246099407294e+00 -3.036898369026346689e+00
3.920138220332397783e+00 -3.128566058031765351e+00
3.641122759724378266e+00 3.271937577004622177e+00
4.223343228484539580e+00 2.856182365300890424e+00
4.661391735755238130e-01 3.958473216372399239e+00
4.195877484800403678e+00 3.559908764978545026e+00
1.251417676696441106e+00 3.836783950798944076e+00
5.205670619632452478e+00 2.107181859341590080e+00
3.408730474179610503e+00 3.935404843396899111e+00
3.333957727602621546e+00 2.666545432105547064e+00
2.788618277304233395e+00 3.306826554964377163e+00
3.615976643642668353e+00 2.738703607596255196e+00
1.988202705404192194e+00 3.370784099462037720e+00
2.741654062241571932e+00 3.700018784684822926e+00
1.515820373292507295e+00 2.537803812077046750e+00
1.724294911513367445e+00 3.675212050961635502e+00
4.849080480752861355e+00 2.622908621320917621e+00
3.576008864472093762e+00 3.364212687924691636e+00
3.595976375890078458e+00 1.589820141251748531e+00
4.394909264654188519e+00 2.711954210415099986e+00
2.395030977999411448e+00 3.332862305639274325e+00
4.005242052933107644e+00 4.435281053496727743e+00
2.787127080054889294e+00 4.490004935645016459e+00
2.847290544727122619e+00 3.320027956348200249e+00
1.358074358611387478e+00 4.472686702314321749e+00
3.794274828094430063e+00 3.250970520393531960e+00
3.250774007720355296e+00 2.378428342808077911e+00
4.028696704860527333e+00 3.128266309453969107e+00
3.495745984406119611e+00 9.777964440398982937e-01
4.156311884369554122e+00 2.610274537000245143e+00
3.938112061047914114e+00 2.507087843574419050e+00
1.380152071375863265e+00 2.419472810382238048e+00
1.652445656405174823e+00 3.763554555116671363e+00
2.101124396945837081e+00 3.456053623022113719e+00
2.312852031750637138e+00 3.836404541576776683e+00
5.511322074585741859e+00 1.956261174009414683e+00
4.457176556207950391e+00 7.814796664523333547e-01
3.810573151154033500e+00 2.648103094910281730e+00
3.572509216427552037e+00 3.836617120784866053e+00
3.584298148030899522e+00 1.602114826171295192e+00
1.579671088035696336e+00 3.426006225672014960e+00
3.205011900176368833e+00 3.522780880292504690e+00
2.675307138359487080e+00 4.129578135821844853e+00
1.741837391776150046e+00 4.979552683804588042e+00
5.114355901534750615e+00 9.313696566165474700e-01
2.650038773281031546e+00 2.866271644134991359e+00
3.341098543034932700e+00 4.191580642628142783e+00
3.649404543034684867e+00 3.580733023900394940e+00
1.935073942224376564e+00 1.820513705061402643e+00
5.175749099446971258e+00 1.686299284737738047e+00
3.018680405761722252e+00 2.579439737058648596e+00
2.577277527633886400e+00 2.654439971705995216e+00
2.090240162962172299e+00 3.672434514488726709e+00
2.840081811208595486e+00 3.152876375994440927e+00
3.264493514626605641e+00 2.497807459034977029e+00
2.884843113212905763e+00 2.767582566041744130e+00
3.913424478728149580e+00 2.820211288231186497e+00
2.184116243842652683e+00 1.982775892332458767e+00
3.504261821962962653e+00 1.591799557809988608e+00
2.031457074201070689e+00 3.493759489642203953e+00
2.867403210375026212e+00 2.896622476943235380e+00
2.180304991911550250e+00 2.488616911299223133e+00
3.251751426901100750e+00 1.816415904529030900e+00
5.215510613453311350e+00 2.561682863412608313e+00
2.832633449630286293e+00 4.802140255131490676e+00
4.071507386993500788e+00 2.309941924143174230e+00
3.845308823406377918e+00 1.623395824781930674e+00
2.157596969296755152e+00 1.602181425130183356e+00
2.956247738217866683e+00 2.707800084739138136e+00
2.407129865833626425e+00 4.658182554319839852e+00
3.707250467218472512e+00 2.690929296876084287e+00
3.457382430251321193e+00 2.887962198494876898e+00
3.888466464961328306e+00 1.260471428915036496e+00
2.083921976160045819e+00 4.102649016869759357e+00
5.512263816481621781e-01 4.281009419650771974e+00
4.285880747827721216e+00 2.169246969347888410e+00
1.089680943892389342e+00 2.861107425257179315e+00
2.927144420488598797e+00 2.375845376794357477e+00
3.509967858883638936e+00 2.451315029303243076e+00
2.890953105322251027e+00 3.319786687444026274e+00
3.182513330806591600e+00 4.612987674578398867e+00
2.496580456484981170e+00 4.150442055860635193e+00
2.617639865710220004e+00 2.081755303365161680e+00
1.553569196905900451e+00 4.298818855496965519e+00
3.175176550678842524e+00 2.913134449309134677e+00
3.714659176058908496e+00 2.249782198563925917e+00
3.542315113863680143e+00 2.711854078800752355e+00
3.755549439670429201e+00 6.728577159206650116e-01
9.636809205928278388e-01 4.171173442161575373e+00
6.626073379043766920e+00 2.178098343571706064e+00
3.110485384828256095e+00 3.264277461374361700e+00
4.763231526787874870e+00 1.519527720638305324e+00
3.473157375240658595e+00 4.256932648150556275e+00
2.223166900427777204e+00 3.657160179529912902e+00
4.339484380929386376e+00 2.261538757466381888e+00
4.094740981373528044e+00 2.671506838296993980e+00
3.516769909600331534e+00 3.359978483342690669e+00
2.346109892407458375e+00 3.218217276618055234e+00
1.464753080968669519e+00 3.322032039172307716e+00
2.770396618578629511e+00 3.154902723960185007e+00
2.066965263094424632e+00 2.446067754367644564e+00
4.722638879302212267e+00 1.878556174202429485e+00
-5.227573416162130115e+00 2.660861128005476139e-01
-2.396993643281510877e+00 3.122983021137724968e+00
-2.830501867448424136e+00 3.109262449658256600e+00
-2.975823350158717684e+00 3.879899706678513915e+00
-2.223844214132174812e+00 4.362289309947494864e+00
-5.870142048245820199e+00 5.081644488908905188e-01
-1.659814217903492040e+00 3.823795430259286476e+00
-1.821252688288993449e+00 2.785222388930558512e+00
-2.418141825507006182e+00 3.043739484577745458e+00
-2.948526874515569052e+00 4.111895379372638715e+00
-3.734804006575842550e+00 3.412048463836103274e+00
-4.218209463515610658e+00 2.228163418110260086e+00
-4.758606165729551307e+00 1.355896930105059184e+00
-2.301208620003576399e+00 2.700251151745801881e+00
-3.062149100291124526e+00 3.072504627420380441e+00
-4.866651398390477112e+00 8.381982939517351738e-01
-1.274470574338894213e+00 4.649876359858349240e+00
-2.993046049316300916e+00 3.478860970107038764e+00
-3.140694727361936778e+00 2.529665786466437361e+00
-2.835377064982459672e+00 2.924805777808102025e+00
-2.607687553721986351e+00 2.691633776802734523e+00
-1.812634943648342656e+00 4.184026902087854438e+00
-2.779007482115104288e+00 1.245831811894971386e+00
-3.441490038329656276e+00 4.133748572439177593e+00
-2.203919824513231873e+00 2.139907850868583150e+00
-1.972391307111230452e+00 3.986434872965681553e+00
-2.172878461034731146e+00 2.553459937703768112e+00
-2.604165260630713963e+00 3.322194886688950355e+00
-3.556286593121673612e+00 5.192574134168269850e+00
-3.565530039032245302e+00 3.265134346383410158e+00
-4.138509458237818350e+00 1.069388460830587029e+00
-2.377759739922548299e+00 3.912823251047493400e+00
-1.282496013992534767e+00 2.725165902476136548e+00
-2.956853261115960141e+00 3.772364185807445480e+00
-4.063670990719186804e+00 2.426699737843126758e+00
-3.195619372321504059e+00 2.881196978146739696e+00
-4.319123816502175472e+00 4.156237423638252437e+00
-3.684660293597155523e+00 2.558997615954101246e+00
-1.626276035302672618e+00 3.916546997700764088e+00
-3.723927130119000228e+00 1.888288537255559785e+00
-2.111449152920156003e+00 3.388810026958788857e+00
-9.427474560914252955e-01 4.287996214217316471e+00
-1.564383997070189380e+00 2.687541289368067687e+00
-1.750881379665986115e+00 4.592480744398164560e+00
-9.489355951339497608e-01 3.444363890998247690e+00
-3.609825853840869847e+00 3.388201269687353800e+00
-1.857901367767549772e+00 2.931881974024800552e+00
-1.745633121940045385e+00 3.174437065794283974e+00
-1.734962803253844443e+00 2.014748385339985237e+00
-2.976939088989435156e+00 3.586438309065362429e+00
-3.427738854492742959e+00 3.428090399472771388e+00
-4.659630795134283687e+00 2.881219232570361832e+00
-3.241176378257666801e+00 3.469788156870182938e+00
-3.966840712244460221e+00 3.347264821895395759e+00
-4.171279851569346775e+00 2.041764060830162819e+00
-1.362557576651595603e+00 2.551804801737802109e+00
-3.895760913791549207e+00 2.044057259250594338e+00
-2.136241485926029693e+00 2.757370971882769251e+00
-3.206627755259880086e+00 3.716875219855354295e+00
-3.626747169147763294e+00 3.321956181346450432e+00
-3.606899268094227118e+00 2.715421852772396782e+00
-3.730085370879788531e+00 9.062747959744843484e-01
-3.473410993476941933e+00 2.053468179842293573e+00
-3.355797292290547240e+00 3.711875285091906562e+00
-3.515602103074075835e+00 3.221492732275266668e+00
-2.978801558216458201e+00 2.650034794270530458e+00
-4.603254865810645136e+00 3.000408694879287630e+00
-2.363851324212862259e+00 3.499001794014055200e+00
-3.014622745922354685e+00 3.532560738575713621e+00
-3.304446588404025498e+00 3.779502245318445919e+00
-2.401875446007320392e+00 2.661039942921080925e+00
-2.862349446767081140e+00 4.051865643790758753e+00
-2.487555372410748866e+00 3.591266555264122751e+00
-1.495042349964259332e+00 4.217293410842253287e+00
-1.614195457093534403e+00 4.722927807148923129e+00
-3.407960229310635913e+00 2.877118684034060792e+00
-1.155751210670381557e+00 3.864858372416128063e+00
-1.948739341506597444e+00 4.562976122115752098e+00
-2.471346835021172694e+00 3.217860167260357507e+00
-2.059899075269430835e+00 6.118268256104551384e+00
-4.236649012931037461e+00 2.061082869311441357e+00
-2.908747233067384474e+00 3.117856327024731922e+00
-2.670374893329237942e+00 2.161413694163270005e+00
-1.858085295798081127e+00 3.405478595241451245e+00
-2.615716590107928230e+00 3.539880716723161846e+00
-3.512576386412799234e+00 2.171340121561629033e+00
-2.265983367966339035e+00 2.778496473675498901e+00
-2.223748572245476840e+00 5.280464922497163371e+00
-3.860658613056298094e+00 2.527335582687912474e+00
-3.379829325943274121e+00 3.025423250133788322e+00
-3.808383857456959287e+00 2.197445616200791818e+00
-2.906383201905091251e+00 3.538453873685972528e+00
-3.814958931272343090e+00 3.577644578520760454e+00
-3.394624543319981314e+00 1.238386880402086332e+00
-2.334032970219134029e+00 2.280926516793696734e+00
-4.418040306283968377e+00 1.825925936351721512e+00
-3.082665835855546099e+00 3.124088149377696855e+00
-6.606334041901384957e-01 5.178105207481491945e+00
-3.939213681240249620e+00 2.176483314422138271e+00
-2.155721273780297764e+00 2.244017520381464958e+00
-3.639372167763556654e+00 -2.215012700913883137e+00
-3.863825396549420255e+00 -1.753166743573073560e+00
-4.821004960554998497e+00 -1.411722723112133648e+00
-3.528346740583587771e+00 -2.607631534794863537e+00
-1.806049134622278673e+00 -4.158631594232883977e+00
-3.877142085750687528e+00 -3.353481793493349628e+00
-2.486565756720902076e+00 -4.137379162439597913e+00
-2.383017595462230798e+00 -3.900196594158484409e+00
-2.650251197199670283e+00 -2.932647114233481123e+00
-3.553872075554419752e+00 -2.089179178805802284e+00
-4.570109377857159316e+00 -3.026707897919325596e+00
-1.899278302107419991e+00 -3.420904747219386088e+00
-2.067755466401890896e+00 -2.328105329262957657e+00
-2.601020052792607729e+00 -2.108306063704452615e+00
-2.973381326487933407e+00 -2.654148665551427477e+00
-3.871475661596618600e+00 -3.031254133435508535e+00
-2.986079539582028097e+00 -1.638926758724983612e+00
-3.935780778223058718e+00 -3.107367151410684425e+00
-5.217301091842369232e+00 -2.670105384291582951e+00
-4.156981569129702514e+00 -3.285708762261072113e+00
-2.620481947054313476e+00 -3.339155516082428665e+00
-3.175164540052376694e+00 -2.148709829830187878e+00
-3.154395424171087203e+00 -2.494190220561245841e+00
-2.146838933755926604e+00 -2.514513400347815786e+00
-3.231359502457025634e+00 -2.651966716973804594e+00
-3.137613111554782730e+00 -2.521647825467639326e+00
-4.219849113597000212e+00 -2.508812804641034511e+00
-1.098674791204454770e+00 -3.382370029035823400e+00
-1.458899983072620810e+00 -3.830182372066480934e+00
-3.620866126084155034e+00 -6.946616022980984795e-01
-4.172266736680315447e+00 -1.555210978551449852e+00
-2.859618644838113788e+00 -1.580862528115815291e+00
-3.551506975360436691e+00 -1.854145867697488237e+00
-3.443763516609644970e+00 -3.978332799803528275e+00
-2.746238718538846157e+00 -1.835270713205112703e+00
-1.997708861177798889e+00 -3.802837222037275922e+00
-1.667062258973185163e+00 -5.459791957970075771e+00
-3.036618484017117758e+00 -3.653134129337655356e+00
-3.202373467115486871e+00 -2.849466483693825936e+00
-2.271056168791053764e+00 -3.962370616529667267e+00
-3.221439923625369683e+00 -3.196269772264231701e+00
-3.294847391838253259e+00 -2.619411958822395192e-01
-1.014839929677366248e+00 -5.262949764509423645e+00
-2.531226375235309689e+00 -1.659718072575526726e+00
-4.085366031427200895e+00 -1.343527467209188142e+00
-2.384742214302148611e+00 -3.482917437026740615e+00
-1.192807443284511049e+00 -4.773126477662290590e+00
-3.358004913202710551e+00 -2.826013025938583834e+00
-4.042784534889972470e+00 -2.412414718958307169e+00
-2.485382937098089773e+00 -2.110693132345399459e+00
-2.802312794085224823e+00 -9.681285609720249319e-01
-2.067010886469461628e+00 -4.438347970655525998e+00
-3.805749537052184550e+00 -3.150589205063367704e+00
-2.638195132849252555e+00 -1.935392967307742573e+00
-2.669370120266342461e+00 -2.603701773956946575e+00
-3.399087062323681074e+00 -3.013662667350774704e+00
-3.796102119946848319e+00 -1.609402567079751822e+00
-2.744598773827945148e+00 -4.054459859352970597e+00
-2.527751940502791950e+00 -3.102552369315247915e+00
-4.093475801339799602e+00 -1.884125268170766754e+00
-3.293271394248842299e+00 -3.925977348271404654e+00
-2.903927049445427233e+00 -2.876710345319445139e+00
-2.967542589504066797e+00 -1.827732156010007492e+00
-2.851527155436179406e+00 -2.428458297002959121e+00
-1.891729304448361848e+00 -3.078274064513154773e+00
-2.414430321253924205e+00 -4.165434319277974140e+00
-2.690141397536769841e+00 -4.448998463452866758e+00
-3.591973236324695229e+00 -3.368063580643054777e+00
-4.981919664223966926e+00 -2.566365238504477286e+00
-2.706666479131010217e+00 -2.476632265030114244e+00
-2.312926780870921739e+00 -2.367809817920232263e+00
-3.831576668195582513e+00 -3.705244120503393024e+00
-8.300191156767020573e-01 -5.643743536752600320e+00
-1.327439311764874397e+00 -3.898270547143378728e+00
-3.911943449072431633e+00 -2.906946247502488756e+00
-4.271882626665416183e+00 -2.237035573552429213e+00
-3.012561933763264754e+00 -2.164360934640446210e+00
-3.074037547115485491e+00 -2.640663828742737085e+00
-4.090338842501643590e+00 -2.285721961172527905e+00
-3.263496702725670495e+00 -2.042400193739325687e+00
-2.795720352116779051e+00 -2.296440528358294486e+00
-4.049083121735790769e+00 -1.335848747089964927e+00
-4.916449553286952323e+00 -3.501825479566200272e+00
-1.899826318598367703e+00 -2.894053003000305768e+00
-3.081031668501691190e+00 -2.692354362930844403e+00
-4.328826902156395207e+00 -3.743068840553721355e+00
-3.490681775882753968e+00 -3.387238581020456163e+00
-2.646286033614841493e+00 -2.243429567338732333e+00
-4.148840707913274528e+00 -4.551253580889238037e+00
-4.710534596735468149e+00 -1.392241492989722662e+00
-5.386915188287884071e+00 -2.453759667000752209e+00
-2.305121089540011603e+00 -4.593684118371613501e+00
-1.828978752772605354e+00 -3.084911234030334182e+00
-3.434911354974753195e+00 -3.897440112687716507e+00
-2.319161217778244577e+00 -2.213090923343787875e+00
-2.029825067663789007e+00 -3.708680661247641730e+00
-2.124151344443151235e+00 -3.510671289576799303e+00
-2.128369498711510932e+00 -2.420614685641592878e+00
-1.722665624935804107e+00 -3.160469555628295346e+00
-4.235101433917340508e+00 -1.593653525680852168e+00
